07417
66508
24046
66573
07417
66508
24046
66573
07417
66508
24046
66573
07417
66508
24046
66573
07417
66508
24046
66573
07417
66508
24046
66573
07417
66508
24046
66573
07417
66508
24046
66573
07417
66508
24046
66573
07417
66508
24046
66573
07417
66508
24046
66573
07417
66508
24046
66573
07417
66508
24046
66573
07417
66508
24046
66573
07417
66508
24046
66573
07417
66508
24046
66573
07417
66508
24046
66573
07417
66508
24046
66573
07417
66508
24046
66573
07417
66508
24046
66573
07417
66508
35544
35544
35544
35544
35544
10967
10967
07417
07417
66573
66573
10600
02108
02108
02108
27595
15813
26569
19705
